vesselCount = 0
UT = 5844.1397644208728
gameMode = CAREER
gameNull = False
gameCompatible = True
funds = 238980.85431480408
science = 84
reputationPercent = 5
ongoingContracts = 0
missionCurrentScore = 0
missionIsStarted = False
missionIsEnded = False
missionHistoryId = 00000000-0000-0000-0000-000000000000
missionExpansionVersion = 
saveMD5 = 5d66e276b3987023e4adc7ed9368b993
