vesselCount = 0
UT = 5548.4755615361992
gameMode = CAREER
gameNull = False
gameCompatible = True
funds = 221836.29434204102
science = 77
reputationPercent = 4
ongoingContracts = 1
missionCurrentScore = 0
missionIsStarted = False
missionIsEnded = False
missionHistoryId = 00000000-0000-0000-0000-000000000000
missionExpansionVersion = 
saveMD5 = 20486e21b2faa6eb1cfdbc08532f55fc
