vesselCount = 1
UT = 5227.4665576261896
gameMode = CAREER
gameNull = False
gameCompatible = True
funds = 216973.54093933105
science = 35
reputationPercent = 4
ongoingContracts = 1
missionCurrentScore = 0
missionIsStarted = False
missionIsEnded = False
missionHistoryId = 00000000-0000-0000-0000-000000000000
missionExpansionVersion = 
saveMD5 = 54a0c776ab0ea3d275dc5e8b0276b648
