vesselCount = 1
UT = 5767.7804541169562
gameMode = CAREER
gameNull = False
gameCompatible = True
funds = 235181.79434204102
science = 79
reputationPercent = 5
ongoingContracts = 0
missionCurrentScore = 0
missionIsStarted = False
missionIsEnded = False
missionHistoryId = 00000000-0000-0000-0000-000000000000
missionExpansionVersion = 
saveMD5 = 145df5a43290e7e0bef0d9027ebd806e
